3


400
1 1 1 1
1 1 1 1
1 1 1 1
1 1 1 1
1 1 1 1
1 1 1 1
1 1 1 1
1 1 1 1
1 9 9 1
1 -9 -9 1


1000
9  9  9  9  9  9  9  9  9  9
9  9  9  9  9  9  9  9  9  9
9  9  9  9  9  9  9  9  9  9
9  9  9  9  9  9  9  9  9  9
9  9  9  9  9  9  9  9  9  9
9  9  9  9  9  9  9  9  9  9
7  7  7  7  7  7  7  7  7  7
-5 -5 -5 -5 -5 -5 -5 -5 -5 -5
-7 -3 -7 -7 -7 -7 -7 -7 -7 -7
-9 -9 -9 -9 -9 -9 -9 -9 -9 -9

1000
1 2 3 4 100 -10 7 8 9 10
7 8 10 -6 10 12 13 14 15 10
1 2 3 4 5 6 7 8 9 10
1 1 11 12 13 14 15 16 17 18
1 2 3 4 100 -10 7 8 9 10
7 8 10 -6 10 12 13 14 15 10
1 2 3 4 5 6 7 8 9 10
1 1 11 -12 -13 14 15 16 17 18
1 2 3 -4 5 6 -7 8 9 10
1 1 -11 -12 -13 14 -15 16 -17 18